3 0.819667 0.343875 0.046 0.01525
3 0.813 0.481375 0.0326667 0.01425
3 0.8235 0.412125 0.0336667 0.01475
3 0.807667 0.090375 0.0566667 0.01925
3 0.821333 0.27175 0.0446667 0.017
3 0.726833 0.088375 0.073 0.01475
1 0.759833 0.370375 0.0923333 0.06675
3 0.809167 0.876375 0.0536667 0.01875
3 0.727167 0.873625 0.0716667 0.01325
0 0.165333 0.907125 0.113333 0.08575
1 0.768167 0.43825 0.093 0.0675
1 0.757167 0.507 0.0923333 0.0675
0 0.831167 0.906125 0.105 0.08025
1 0.760333 0.300375 0.096 0.07075
0 0.1655 0.122125 0.111667 0.08575
0 0.829667 0.122 0.112 0.084
