3 0.716118 0.112796 0.0763158 0.0150394
3 0.810691 0.360823 0.0490132 0.0145464
3 0.802303 0.498028 0.0342105 0.0142998
3 0.799342 0.113905 0.0585526 0.0187377
3 0.813651 0.429117 0.0338816 0.0150394
3 0.812336 0.289818 0.0476974 0.0165187
1 0.746711 0.386834 0.0967105 0.066568
3 0.795395 0.904463 0.0578947 0.0219428
3 0.707072 0.897436 0.0753289 0.0157791
0 0.817599 0.936884 0.11875 0.0862919
0 0.822368 0.144231 0.115789 0.0813609
0 0.120888 0.910133 0.117434 0.084073
0 0.155921 0.149655 0.108553 0.0798817
1 0.748355 0.317801 0.0980263 0.0690335
1 0.742434 0.522313 0.0960526 0.0673077
1 0.755263 0.454019 0.0967105 0.0673077
